"7029780011" "4607588258" "4504172828" "2483060495" "2389313231" "4452482043" "5781374421" "0646237853" "6006924327" "6963810674" "9070838318" "1088755904" "1790118096" "4315094138" "0332421232" "3185592083" "4879306625" "0489542745" "4812306191" "8477004857" "8450715926" "1888065275" "8404555306" "3758514694" "7923708580" "7672672417" "0570331037" "8920903966" "6968677769" "3514361505" "8394984089" "9568549642" "0487626940" "8771842441" "2179295096" "0953624556" "9011951091" "4509595589" "2136950716" "6914528308" "8556687831" "5315226553" "9495075839" "1134844400" "3561565760" "4778327883" "2652338342" "8378366882" "4790880737" "7429998595" "3844428078" "5264000038" "2411281195" "3603361624" "2937200351" "6965027113" "8870130118" "0997178059" "6932389697" "5267585090" "2378656920" "4315522642" "0403976805" "3604824093" "1729427813" "7504251873" "8118100411" "5821331040" "7774880403" "0952665358" "7489768791" "7296782657" "4339162168" "8096260770" "5380367531" "2375477052" "7565549568" "0492069106" "0637422725" "0037228801" "6706088214" "0191979805" "4546740375" "4077867810" "6979582263" "8494927472"
"Audi" 0 0 0 0 0 0 0 0 0 0 6 0 0 0 0 0 0 0 0 0 0 0 0 0 0 0 24.24 0 0 0 0 0 0 5 0 12.59 0 44.16 0 0 0 94.41 0 0 0 6 0 0 0 0 0 0 0 0 0 0 0 0 0 0 0 0 0 0 0 5 0 0 0 0 0 0 0 6 0 0 0 53.75 0 0 0 0 0 3.91 0 0
"BMW" 0 0 0 0 0 0 0 0 0 0 0 0 0 0 0 0 0 0 0 0 0 0 0 0 0 0 0 0 0 0 0 0 0 0 0 0 0 0 0 0 0 0 0 0 0 0 0 0 0 0 0 0 0 0 0 0 0 0 341.3 0 0 0 0 0 0 0 0 0 0 0 0 0 0 0 0 0 0 0 0 0 0 0 0 0 0 0
"Buick" 0 0 0 0 0 0 0 0 0 0 0 0 0 0 0 0 0 0 0 0 0 0 0 0 0 0 0 0 0 0 0 0 0 0 0 0 0 0 0 0 0 0 0 0 0 0 0 0 0 0 0 0 0 0 0 0 0 0 0 0 0 0 0 0 0 0 0 71.85 0 0 0 0 0 0 0 0 0 0 0 0 0 0 0 0 0 0
"Cadillac" 0 0 0 0 0 0 0 0 0 0 0 0 0 0 0 0 0 0 0 0 0 0 0 0 0 0 0 0 0 0 0 0 0 0 0 0 0 0 0 0 0 0 0 0 0 0 0 0 0 0 0 0 0 0 0 0 0 16.88 0 0 0 0 0 0 0 0 0 0 0 0 0 0 0 0 0 0 0 0 0 0 0 0 0 0 0 0
"Ferrari" 0 0 0 0 0 0 0 0 0 0 0 0 0 0 0 0 0 0 0 0 79.76 0 0 0 0 0 0 0 0 0 0 0 0 0 0 0 0 0 0 0 0 0 0 0 4.82 0 0 0 0 0 0 0 0 0 0 0 0 0 0 0 0 0 0 0 0 0 0 0 0 0 0 0 0 0 0 0 0 0 0 0 0 0 0 0 0 0
"Ford" 0 4.64 55.39 92.87 0 0 0 8.06 0 80.66 0 83.6 0 64.3 6.51 0 0 8.11 0 0 0 0 50.45 0 0 0 0 35.74 14.74 31.48 0 18.53 1.39 0 0 0 0 0 0 0 0 0 0 0 0 0 84.72 0 0 0 0 0 0 0 0 3.88 36.08 0 0 0 0 0 0 0 90 0 0 0 69.97 30.27 20.06 28.06 0 0 33.07 0 0 0 1.76 0 0 0 0 0 0 0
"GEM" 0 0 0 0 0 0 0 0 0 0 0 0 0 0 0 51.7 0 0 0 0 0 0 0 19.71 60 0 0 0 0 0 0 0 0 0 0 0 0 0 10 0 0 0 0 0 0 0 0 0 0 0 0 0 0 0 0 0 0 0 0 0 0 25.16 0 0 0 0 74.24 0 0 0 0 0 0 0 0 0 0 0 0 0 0 0 47.58 0 59.47 0
"Honda" 0 0 0 0 377.83 566.85 322.07 0 115.02 0 0 0 81.45 0 0 0 0 0 0 0 0 0 0 0 0 17.6 0 0 0 0 0 0 0 0 0 0 353.02 0 0 0 0 0 90.22 0 0 0 0 98.08 0 0 0 0 0 0 91.06 0 0 83.13 0 0 0 0 0 114.72 0 0 0 0 0 0 0 0 62.81 0 0 72.37 327.39 0 0 0 3000 0 0 0 0 0
"Hummer" 0 0 0 0 0 0 0 0 0 0 0 0 0 0 0 0 34.49 0 0 0 0 0 0 0 0 0 0 72.62 0 0 0 0 0 0 0 0 0 0 0 0 0 0 0 0 0 0 0 0 0 0 0 0 0 0 0 0 0 0 0 0 0 0 0 0 0 0 0 0 0 0 0 0 0 0 0 0 0 0 0 0 0 0 0 0 0 0
"Infiniti" 0 0 0 0 0 0 0 0 0 0 0 0 0 0 0 0 0 0 0 0 0 0 0 0 0 0 0 0 0 0 0 0 0 0 0 0 0 20.99 0 0 0 0 0 0 0 0 0 0 0 0 0 0 0 0 0 0 0 0 0 0 0 0 0 0 0 0 0 0 0 0 0 0 0 0 0 0 0 0 0 0 0 0 0 0 0 0
"Isuzu" 0 0 0 0 0 0 0 0 0 0 0 0 0 0 0 0 0 0 0 0 0 0 0 0 0 0 0 0 0 0 0 0 0 0 2.98 0 0 0 0 0 0 0 0 0 0 0 0 0 0 0 0 0 0 0 0 0 0 0 0 0 0 0 0 0 0 0 0 0 0 0 0 0 0 0 0 0 0 0 0 0 0 0 0 0 0 0
"Jaguar" 61.82 0 0 0 0 0 0 0 0 0 0 0 0 0 0 0 0 0 0 0 0 0 0 0 0 0 0 0 0 0 0 0 0 0 0 0 0 0 0 0 0 0 0 36.31 0 0 0 0 0 0 0 0 0 0 0 0 0 0 0 0 0 0 0 0 0 0 0 0 0 0 0 0 0 0 0 0 0 0 0 0 0 0 0 0 0 0
"Jeep" 0 0 0 0 0 0 0 0 0 0 0 0 0 0 0 0 0 0 0 0 0 0 0 0 0 0 0 0 0 0 0 15.34 0 0 0 0 0 0 0 0 0 0 0 0 0 0 0 0 0 0 0 0 0 0 0 0 0 0 0 0 0 0 0 0 0 0 0 0 0 0 0 0 0 0 0 0 0 0 0 0 0 0 0 0 0 94.47
"Lincoln" 0 0 0 0 0 0 0 0 0 0 0 0 0 0 0 0 0 0 0 0 0 0 0 0 0 0 0 0 0 0 72.79 0 0 0 0 0 0 0 0 0 0 0 0 0 0 26.28 0 0 69.28 0 22.44 0 39.64 64.15 0 0 0 0 0 55.54 44.71 0 0 0 0 0 0 0 0 0 0 0 0 0 0 0 0 0 0 29.48 0 0 0 0 0 0
"Lotus" 0 0 0 0 0 0 0 0 0 0 0 0 0 0 0 0 0 0 0 0 0 0 0 0 0 0 0 0 0 0 0 0 0 0 0 0 0 0 0 0 98.45 0 0 0 0 0 0 0 0 0 0 0 0 0 0 0 0 0 0 0 0 0 0 0 0 0 0 0 0 0 0 0 0 0 0 0 0 0 0 0 0 0 0 0 0 0
"Mercury" 0 0 0 0 0 0 0 0 0 0 0 0 0 0 0 0 0 0 0 0 0 0 0 0 0 0 0 0 0 0 0 0 0 0 0 0 0 0 0 0 0 0 0 0 0 0 0 0 0 0 0 0 0 0 0 0 0 0 0 0 0 0 0 0 0 0 0 0 0 0 0 0 0 0 0 0 0 0 0 0 0 37.42 0 0 0 0
"Mitsubishi" 0 0 0 0 0 0 0 0 0 0 0 0 0 0 0 0 0 0 0 0 0 0 0 0 0 0 0 0 0 0 0 0 0 0 0 0 0 0 0 74.73 0 0 0 0 0 0 0 0 0 0 0 0 0 0 0 0 0 0 0 0 0 0 0 0 0 0 0 0 0 0 0 0 0 0 0 0 0 0 0 0 0 0 0 0 0 0
"Nissan" 0 0 0 0 0 0 0 0 0 0 0 0 0 0 0 0 0 0 0 0 0 0 0 0 0 0 0 0 0 0 0 0 0 0 0 0 0 0 0 0 0 0 0 0 0 0 0 0 0 0 0 0 0 0 0 0 0 0 0 0 0 0 500 0 0 0 0 0 0 0 0 0 0 0 0 0 0 0 0 0 0 0 0 0 0 0
"Oldsmobile" 0 0 0 0 0 0 0 0 0 0 0 0 0 0 0 0 0 0 0 0 0 0 0 0 0 0 0 0 0 0 0 0 0 0 0 0 0 0 0 0 0 0 0 0 0 0 0 0 0 0 0 37.53 0 0 0 0 0 0 0 0 0 0 0 0 0 0 0 0 0 0 0 0 0 0 0 0 0 0 0 0 0 0 0 0 0 0
"Porsche" 0 0 0 0 0 0 0 0 0 0 0 0 0 0 0 0 0 0 0 0 0 0 0 0 0 0 0 43.02 0 0 0 0 0 0 0 0 0 0 0 0 0 0 0 0 0 0 0 0 0 0 0 0 0 0 0 0 0 0 0 0 0 0 0 0 0 0 0 0 0 0 0 0 0 0 0 0 0 0 0 0 0 0 0 0 0 0
"Regal" 0 0 0 0 0 0 0 0 0 0 0 0 0 0 0 0 0 0 38.73 0 0 21.62 0 0 0 0 0 0 0 0 0 0 0 0 0 0 0 0 0 0 0 0 0 0 0 0 0 0 0 0 0 0 0 0 0 0 0 0 0 0 0 0 0 0 0 0 0 0 0 0 0 0 0 0 0 0 0 0 0 0 0 0 0 0 0 0
"Saab" 0 0 0 0 0 0 0 0 0 0 0 0 0 0 0 0 0 0 0 0 0 0 0 0 0 0 0 0 0 0 0 0 0 0 0 0 0 0 0 0 0 0 0 0 0 0 0 0 0 30.83 0 0 0 0 0 0 0 0 0 0 0 0 0 0 0 0 0 0 0 0 0 0 0 0 0 0 0 0 0 0 0 0 0 90.01 0 0
"Volvo" 0 0 0 0 0 0 0 0 0 0 0 0 0 0 0 0 0 0 0 46.21 0 0 0 0 0 0 0 0 0 0 0 0 0 0 0 0 0 0 0 0 0 0 0 0 0 0 0 0 0 0 0 0 0 0 0 0 0 0 0 0 0 0 0 0 0 0 0 0 0 0 0 0 0 0 0 0 0 0 0 0 0 0 0 0 0 0
